Team			Oct-29 	Jan-1 	Feb-7 	Mar-1 	Mar-28 	May-1	Jun-1	Jul-1	AAB	Aug-1	Sep-1	Wild-C Div-Ser Lg-Ser World-Series

2019
Washington Nationals	+1800	+1200	+2000	+1800	+1600	+2200 	+6250 	+4250 	+2400 	+3250 	+2500 	+1200 	+1350 	+405 	+195 	** WINNER **
Houston Astros		+700	+700	+700	+650	+590	+480 	+375 	+425 	+475 	+245 	+230 	+205 	+200 	+125 	-235 	 
New York Yankees	+800	+1000	+675	+600	+485	+580 	+525 	+415 	+350 	+470 	+450 	+500 	+500 	+275 	   	 
St Louis Cardinals	+1800	+1500	+1300	+1650	+1300	+1400 	+3500 	+4750 	+3300 	+3000 	+2650 	+1100 	+1300 	+510 	   	 
Los Angeles Dodgers	+800	+1000	+800	+815	+800	+500 	+450 	+295 	+315 	+300 	+260 	+300 	+330 	   	   	 
Atlanta Braves		+1450	+2000	+1500	+2350	+2800	+3000 	+2500 	+1025 	+1400 	+1050 	+950 	+1200 	+900 	   	   	 
Tampa Bay Rays		+5000	+5750	+5000	+5000	+5750	+1500 	+1300 	+1800 	+2300 	+2500 	+4250 	+2800 	+1400 	   	   	 
Minnesota Twins		+7500	+7200	+7500	+6000	+5250	+2200 	+925 	+850 	+825 	+1150 	+1800 	+1500 	+1450 	   	   	 
Oakland Athletics	+3500	+4000	+3000	+3400	+4500	+5500 	+4750 	+8000 	+6000 	+6000 	+3750 	+1450 	   	   	   	 
Milwaukee Brewers	+1400	+2000	+2000	+1725	+1700	+1800 	+1800 	+2650 	+2100 	+4000 	+8500 	+3000 	   	   	   	 
Cleveland Indians	+1200	+1400	+1500	+1500	+1350	+1500 	+3000 	+4000 	+3000 	+1750 	+2350 	   	   	   	   	 
Chicago Cubs		+1200	+1000	+1200	+1350	+1350	+2200 	+1250 	+1850 	+1480 	+2350 	+3500 	   	   	   	   	 
Philadelphia Phillies	+2000	+2100	+1800	+950	+1000	+1200 	+1175 	+2800 	+2500 	+5000 	+5000 	   	   	   	   	 
Boston Red Sox		+625	+700	+550	+700	+650	+1400 	+1425 	+2500 	+2900 	+2800 	+7250 	   	   	   	   	 
Arizona Diamondbacks	+7500	+9500	+25000	+13500	+20000	+6000 	+6600 	+9500 	+12500 	+22500 	+9250 	   	   	   	   	 
New York Mets		+3500	+2300	+3000	+2500	+3000	+1800 	+5000 	+22500 	+32500 	+18000 	+10000 	   	   	   	   	 
San Francisco Giants	+12500	+14000	+15000	+12500	+14500	+35000 	+150000 	+125000 	+95000 	+15000 	+25000 	   	   	   	   	 
Cincinnati Reds		+12000	+8500	+10000	+10000	+10000	+25000 	+20000 	+12500 	+9500 	+30000 	+100000 	   	   	   	   	 
Texas Rangers		+12000	+17000	+25000	+75000	+100000	+13000 	+15000 	+5000 	+4500 	+75000 	+150000 	   	   	   	   	 
San Diego Padres	+12500	+14000	+15000	+10000	+8000	+4400 	+4450 	+9000 	+10000 	+35000 	+250000 	   	   	   	   	 
Los Angeles Angels	+5000	+5500	+7000	+5000	+6000	+9000 	+12500 	+15000 	+15000 	+27500 	+300000 	   	   	   	   	 
Chicago White Sox	+7500	+4700	+7500	+20000	+25000	+30000 	+25000 	+25000 	+50000 	+125000 	+350000 	   	   	   	   	 
Colorado Rockies	+3500	+2800	+4000	+2800	+3000	+6500 	+6000 	+6600 	+9000 	+50000 	+500000 	   	   	   	   	 
Pittsburgh Pirates	+6000	+8000	+10000	+10000	+10000	+4600 	+8500 	+17500 	+10000 	+100000 	+999900 	   	   	   	   	 
Toronto Blue Jays	+7500	+9000	+25000	+30000	+30000	+15000 	+125000 	+250000 	+55000 	+999900 	+999900 	   	   	   	   	 
Miami Marlins		+27500	+29000	+100000	+100000	+150000	+100000 	+200000 	+350000 	+55000 	+999900 	+999900 	   	   	   	   	 
Seattle Mariners	+6000	+7500	+30000	+50000	+27500	+2400 	+100000 	+200000 	+175000 	+999900 	+999900 	   	   	   	   	 
Detroit Tigers		+25000	+25000	+75000	+100000	+100000	+25000 	+175000 	+500000 	+999999 	+999900 	   	   	   	   	   	 
Kansas City Royals	+25000	+28000	+50000	+100000	+100000	+100000 	+250000 	+500000 	+999999 	+999900 	   	   	   	   	   	 
Baltimore Orioles	+35000	+45000	+100000	+200000	+100000	+100000 	+500000 	+500000 	+999999 	+999999 

2018
Boston Red Sox		+1200	+950	+1150	+1250	+1150	+705 	+653 	+660 	+475 	+515 	+345 	+330 	+325 	+262 	-155 	** WINNER **
Los Angeles Dodgers	+475	+475	+500	+550	+640	+1500 	+1615 	+890 	+750 	+505 	+980 	+475 	+600 	+278 	+135 	 
Houston Astros		+700	+700	+500	+650	+525	+605 	+485 	+375 	+400 	+485 	+475 	+330 	+345 	+187 	   	 
Milwaukee Brewers	+3000	+3000	+4000	+3750	+2750	+3300 	+1100 	+1800 	+1900 	+1425 	+2200 	+825 	+725 	+486 	   	 
New York Yankees	+1100	+500	+550	+505	+620	+705 	+520 	+445 	+525 	+625 	+725 	+1150 	+700 	   	   	 
Cleveland Indians	+650	+650	+675	+800	+735	+1075 	+1300 	+1050 	+1550 	+1400 	+950 	+850 	+940 	   	   	 
Colorado Rockies	+4000	+4000	+4000	+4500	+4750	+3300 	+2200 	+6600 	+8500 	+2200 	+1600 	+1900 	+1000 	   	   	 
Atlanta Braves		+5000	+5000	+15000	+17000	+17500	+5000 	+1950 	+1925 	+2050 	+1800 	+1950 	+1400 	+1400 	   	   	 
Chicago Cubs		+1200	+1050	+875	+825	+850	+950 	+1350 	+950 	+900 	+805 	+775 	+1250 	   	   	   	 
Oakland Athletics	+8000	+8000	+15000	+20000	+20000	+10000 	+8750 	+13500 	+7500 	+2800 	+1500 	+2150 	   	   	   	 
Arizona Diamondbacks	+2300	+2300	+2000	+2500	+3000	+950 	+1900 	+1475 	+2050 	+2000 	+1250 	   	   	   	   	 
St Louis Cardinals	+2800	+2800	+1850	+2000	+2100	+1650 	+2350 	+3300 	+5000 	+8000 	+1750 	   	   	   	   	 
Philadelphia Phillies	+8000	+8000	+10000	+10000	+7000	+3300 	+2650 	+2800 	+1600 	+1625 	+3250 	   	   	   	   	 
Washington Nationals	+1000	+1000	+775	+700	+800	+1325 	+785 	+985 	+2500 	+2800 	+8000 	   	   	   	   	 
Seattle Mariners	+3200	+2600	+3500	+4000	+5000	+6000 	+2800 	+3500 	+2250 	+2800 	+9500 	   	   	   	   	 
San Francisco Giants	+5000	+5000	+2500	+3250	+3300	+3300 	+3350 	+4000 	+4000 	+8000 	+10000 	   	   	   	   	 
Tampa Bay Rays		+3300	+3300	+6000	+10000	+20000	+20000 	+15000 	+50000 	+70000 	+100000 	+10000 	   	   	   	   	 
Pittsburgh Pirates	+9000	+9000	+8000	+10000	+15000	+4000 	+4500 	+25000 	+45000 	+5000 	   	   	   	   	   	 
Los Angeles Angels	+5000	+2000	+2000	+2800	+2750	+1500 	+2230 	+10000 	+30000 	+50000 	   	   	   	   	   	 
Minnesota Twins		+6000	+6000	+3500	+4000	+2700	+4000 	+6600 	+22500 	+45000 	+100000 	   	   	   	   	   	 
Cincinnati Reds		+6500	+6500	+30000	+25000	+30000	+300000 	+350000 	+250000 	+250000 	+200000 	   	   	   	   	   	 
New York Mets		+2300	+2300	+2750	+2800	+2350	+1150 	+3750 	+35000 	+250000 	+300000 	   	   	   	   	   	 
Toronto Blue Jays	+3500	+3500	+3500	+4000	+3300	+5000 	+7200 	+50000 	+250000 	+500000 	   	   	   	   	   	 
Texas Rangers		+6500	+6500	+10000	+10000	+20000	+100000 	+55000 	+500000 	+500000 	+500000 	   	   	   	   	   	 
Detroit Tigers		+20000	+20000	+50000	+30000	+30000	+50000 	+15000 	+35000 	+999999 	+500000 	   	   	   	   	   	 
Miami Marlins		+7500	+7500	+50000	+90000	+50000	+999999 	+150000 	+500000 	+999999 	+500000 	   	   	   	   	   	 
San Diego Padres	+10000	+10000	+15000	+15000	+25000	+200000 	+65000 	+100000 	+300000 	+999999 	   	   	   	   	   	 
Chicago White Sox	+5000	+5000	+15000	+15000	+17500	+100000 	+200000 	+500000 	+999999 	+999999 	   	   	   	   	   	 
Baltimore Orioles	+6000	+6000	+10000	+10000	+15000	+200000 	+250000 	+999999 	+999999 	+999999 	   	   	   	   	   	 
Kansas City Royals	+7500	+7500	+15000	+15000	+50000	+300000 	+300000 	+999999 	+999999 	+999999 	

2017
Houston Astros		+1600	+1600	+1200	+1175	+825 	+485 	+450 	+390 	+430 	+495 	+455 	+500 	+225 	+150 	** WINNER **
Los Angeles Dodgers	+1200	+1500	+1200	+900	+1250 	+900 	+550 	+425 	+275 	+220 	+360 	+345 	+172 	-170 	 
Chicago Cubs		+375	+375	+425	+400	+385 	+500 	+630 	+1000 	+725 	+775 	+775 	+900 	+420 	   	 
New York Yankees	+1800	+2100	+2200	+3000	+1400 	+1350 	+1400 	+1600 	+1100 	+1450 	+1125 	+1000 	+460 	   	 
Cleveland Indians	+1200	+900	+800	+875	+650 	+750 	+730 	+760 	+750 	+630 	+325 	+350 	   	   	 
Washington Nationals	+1000	+1050	+1100	+1150	+885 	+750 	+630 	+700 	+650 	+755 	+800 	+700 	   	   	 
Boston Red Sox		+1200	+450	+500	+525	+675 	+750 	+675 	+635 	+830 	+700 	+850 	 850 	   	   	 
Arizona Diamondbacks	+6600	+12500	+12500	+13000	+3300 	+2000 	+1500 	+1400 	+3000 	+3250 	+1800 	+1080 	   	   	 
Colorado Rockies	+10000	+5000	+4000	+3000	+2800 	+2000 	+1800 	+1800 	+3500 	+4000 	+3300 	   	   	   	 
Minnesota Twins		+12000	+15000	+17500	+20000	+8000 	+6600 	+6600 	+6600 	+8500 	+5250 	+3300 	   	   	   	 
Baltimore Orioles	+2500	+4000	+4000	+4000	+2100 	+4000 	+6600 	+10000 	+12500 	+5250 	   	   	   	   	 
Los Angeles Angels	+6600	+9000	+10000	+10000	+8000 	+8000 	+8000 	+10000 	+12500 	+5250 	   	   	   	   	 
Texas Rangers		+1600	+2100	+2500	+3000	+4000 	+4000 	+6600 	+7500 	+12500 	+6600 	   	   	   	   	 
Kansas City Royals	+2500	+4000	+4000	+5000	+8000 	+12500 	+6600 	+5000 	+2500 	+7250 	   	   	   	   	 
St Louis Cardinals	+3000	+1900	+2500	+3000	+2800 	+2800 	+5000 	+6000 	+6600 	+7250 	   	   	   	   	 
Seattle Mariners	+2600	+2800	+3000	+3300	+4000 	+6600 	+5500 	+10000 	+6600 	+7250 	   	   	   	   	 
Milwaukee Brewers	+10000	+15000	+20000	+30000	+20000 	+10000 	+5000 	+2500 	+5000 	+8000 	   	   	   	   	 
Tampa Bay Rays		+10000	+4500	+10000	+11000	+8000 	+6600 	+6600 	+6600 	+6600 	+10000 	   	   	   	   	 
Miami Marlins		+3500	+6700	+8000	+12500	+5250 	+20000 	+20000 	+50000 	+50000 	+12500 	   	   	   	   	 
Pittsburgh Pirates	+4000	+5000	+5000	+7500	+5000 	+6600 	+10000 	+12000 	+9000 	+35000 	   	   	   	   	 
Toronto Blue Jays	+1200	+2500	+2200	+3000	+5000 	+4000 	+4000 	+7000 	+12500 	+50000 	   	   	   	   	 
Detroit Tigers		+3000	+3500	+3500	+4000	+3300 	+4000 	+10000 	+20000 	+25000 	+350000 	   	   	   	   	 
New York Mets		+1700	+2000	+1500	+1300	+1800 	+2800 	+8000 	+6600 	+35000 	+350000 	   	   	   	   	 
Atlanta Braves		+11500	+15000	+15000	+16500	+20000 	+30000 	+20000 	+20000 	+35000 	+350000 	   	   	   	   	 
Oakland Athletics	+12000	+15000	+15000	+19000	+15000 	+25000 	+50000 	+70000 	+100000 	+350000 	   	   	   	   	 
San Diego Padres	+12500	+17500	+20000	+50000	+25000 	+100000 	+200000 	+500000 	+500000 	+350000 	   	   	   	   	 
Cincinnati Reds		+11500	+17500	+25000	+35000	+25000 	+25000 	+50000 	+52500 	+150000 	+500000 	   	   	   	   	 
Chicago White Sox	+5000	+10000	+10000	+40000	+15000 	+25000 	+50000 	+50000 	+350000 	+500000 	   	   	   	   	 
San Francisco Giants	+1700	+1100	+1800	+1400	+5000 	+6600 	+250000 	+250000 	+500000 	+500000 	   	   	   	   	 
Philadelphia Phillies	+10000	+12500	+15000	+18500	+15000 	+75000 	+500000 	+500000 	+500000 	+500000 	

2016
Chicago Cubs		+1050	+950	+700	+750	+660	+450 	+355 	+320 	+405 	+315 	+250 	+240 	+245 	+145 	-190 	** WINNER **
Cleveland Indians	+2500	+2500	+2800	+2500	+1700	+3000 	+2250 	+850 	+785 	+700 	+850 	+900 	+950 	+500 	+165 	 
Toronto Blue Jays	+1000	+1000	+1200	+1300	+1450	+1300 	+1925 	+1600 	+1265 	+1100 	+800 	+1350 	+710 	+450 	   	 
Los Angeles Dodgers	+1100	+1100	+1300	+1400	+1200	+1400 	+2050 	+2300 	+2000 	+1600 	+1000 	+800 	+750 	+500 	   	 
Boston Red Sox		+1800	+1300	+1000	+1050	+1275	+1400 	+975 	+1500 	+1325 	+1200 	+950 	+560 	+505 	   	   	 
Texas Rangers		+1500	+1500	+1600	+1850	+2450	+1800 	+1620 	+650 	+810 	+750 	+645 	+535 	+560 	   	   	 
Washington Nationals	+1200	+1200	+1200	+1300	+1500	+1000 	+1075 	+910 	+800 	+700 	+580 	+650 	+745 	   	   	 
San Francisco Giants	+2000	+1700	+800	+800	+915	+1450 	+1115 	+600 	+490 	+650 	+1350 	+1850 	+900 	   	   	 
New York Mets		+1250	+1250	+1200	+850	+885	+1000 	+1420 	+2000 	+2050 	+3300 	+6600 	+2200 	   	   	   	 
Baltimore Orioles	+4500	+4500	+3500	+5000	+5000	+3300 	+2550 	+1200 	+1625 	+1500 	+2750 	+2500 	   	   	   	 
Detroit Tigers		+3000	+1800	+2300	+2650	+2450	+3300 	+4500 	+4000 	+3500 	+3800 	+3000 	   	   	   	   	 
St Louis Cardinals	+1200	+1200	+1600	+1400	+1900	+2250 	+4050 	+3600 	+4250 	+4000 	+3300 	   	   	   	   	 
Kansas City Royals	+1100	+1000	+1200	+1400	+1450	+1400 	+2035 	+2500 	+4000 	+10000 	+3500 	   	   	   	   	 
Houston Astros		+1400	+1400	+1500	+1600	+1300	+2900 	+4000 	+2000 	+2200 	+2200 	+4000 	   	   	   	   	 
Seattle Mariners	+2600	+2600	+3300	+3000	+3500	+3300 	+1515 	+4000 	+5000 	+5000 	+6600 	   	   	   	   	 
Pittsburgh Pirates	+1500	+1500	+1600	+1950	+2200	+2500 	+2550 	+6600 	+4000 	+6600 	+6600 	   	   	   	   	 
Miami Marlins		+2500	+2500	+3300	+4600	+5000	+8000 	+6600 	+4000 	+4000 	+3600 	+8000 	   	   	   	   	 
New York Yankees	+1800	+1800	+2200	+1900	+2550	+3400 	+5000 	+6600 	+8000 	+10000 	+10000 	   	   	   	   	 
Colorado Rockies	+17500	+17500	+22500	+22500	+28000	+13500 	+10000 	+20000 	+48500 	+30000 	+50000 	   	   	   	   	 
Chicago White Sox	+4500	+4500	+4000	+3500	+3500	+1425 	+2235 	+4000 	+5000 	+10000 	   	   	   	   	   	 
Philadelphia Phillies	+27500	+27500	+35000	+35000	+35000	+25000 	+10000 	+50000 	+48500 	+150000 	   	   	   	   	   	 
San Diego Padres	+4500	+4500	+8000	+8000	+13000	+15000 	+50000 	+50000 	+50000 	+150000 	   	   	   	   	   	 
Oakland Athletics	+6600	+5500	+5000	+6600	+9500	+4000 	+10000 	+25000 	+100000 	+150000 	   	   	   	   	   	 
Los Angeles Angels	+2000	+2000	+2300	+2400	+4000	+3500 	+6600 	+30000 	+100000 	+150000 	   	   	   	   	   	 
Arizona Diamondbacks	+7500	+7500	+1600	+1500	+2500	+2500 	+6600 	+12500 	+50000 	+200000 	   	   	   	   	   	 
Tampa Bay Rays	+4000	+4000	+5000	+5350	+5200	+6000 	+6600 	+15000 	+600000 	+200000 	   	   	   	   	   	 
Milwaukee Brewers	+8500	+8500	+10000	+10000	+15000	+20000 	+100000 	+75000 	+150000 	+300000 	   	   	   	   	   	 
Minnesota Twins	+5500	+5000	+5000	+4500	+6000	+15000 	+100000 	+250000 	+300000 	+500000 	   	   	   	   	   	 
Cincinnati Reds	+8500	+8500	+15000	+10000	+20000	+15000 	+250000 	+300000 	+500000 	+999999 	   	   	   	   	   	 
Atlanta Braves	+12500	+12500	+17500	+16500	+25000	+80000 	+300000 	+400000 	+500000 	+999999 	

2015   	   	   	   	   	    	   	   	   	    	   	   	   	   	 